[array([5.0000e+00, 0.0000e+00, 0.0000e+00, 2.0000e+00, 0.0000e+00,
       1.0000e+00, 0.0000e+00, 0.0000e+00, 2.0000e+00, 1.0000e+00,
       1.0000e+00, 4.0000e+00, 3.0000e+00, 3.0000e+00, 0.0000e+00,
       5.0000e+00, 1.0000e+00, 1.0000e+00, 0.0000e+00, 2.0000e+00,
       2.0000e+00, 1.0000e+00, 3.0000e+00, 1.0000e+00, 5.0000e+00,
       4.0000e+00, 3.0000e+00, 3.0000e+00, 5.0000e+00, 1.0000e+00,
       2.0000e+00, 3.0000e+00, 3.0000e+00, 6.0000e+00, 6.0000e+00,
       6.0000e+00, 5.0000e+00, 1.0000e+01, 9.0000e+00, 8.0000e+00,
       8.0000e+00, 1.3000e+01, 1.3000e+01, 1.4000e+01, 1.2000e+01,
       1.7000e+01, 1.1000e+01, 3.2000e+01, 2.5000e+01, 2.4000e+01,
       2.7000e+01, 2.4000e+01, 2.6000e+01, 2.2000e+01, 2.8000e+01,
       3.5000e+01, 3.1000e+01, 3.5000e+01, 3.4000e+01, 2.9000e+01,
       2.9000e+01, 2.8000e+01, 4.1000e+01, 3.8000e+01, 2.7000e+01,
       3.6000e+01, 3.1000e+01, 2.2000e+01, 3.0000e+01, 3.5000e+01,
       2.4000e+01, 2.3000e+01, 2.4000e+01, 2.6000e+01, 3.6000e+01,
       2.2000e+01, 3.2000e+01, 2.4000e+01, 3.1000e+01, 3.0000e+01,
       3.3000e+01, 2.2000e+01, 3.1000e+01, 3.1000e+01, 2.2000e+01,
       2.4000e+01, 2.5000e+01, 2.9000e+01, 2.2000e+01, 2.5000e+01,
       3.5000e+01, 3.4000e+01, 1.8000e+01, 3.2000e+01, 3.3000e+01,
       3.5000e+01, 2.9000e+01, 3.2000e+01, 3.1000e+01, 3.2000e+01,
       3.2000e+01, 3.4000e+01, 4.5000e+01, 4.3000e+01, 4.2000e+01,
       5.3000e+01, 4.7000e+01, 5.5000e+01, 5.1000e+01, 6.3000e+01,
       4.5000e+01, 5.5000e+01, 5.2000e+01, 4.0000e+01, 4.4000e+01,
       4.7000e+01, 4.1000e+01, 4.4000e+01, 3.0000e+01, 3.9000e+01,
       3.2000e+01, 3.8000e+01, 2.8000e+01, 4.1000e+01, 2.9000e+01,
       2.0000e+01, 4.1000e+01, 3.2000e+01, 3.2000e+01, 2.7000e+01,
       3.4000e+01, 3.3000e+01, 3.3000e+01, 4.3000e+01, 3.7000e+01,
       3.6000e+01, 4.2000e+01, 3.7000e+01, 3.3000e+01, 3.2000e+01,
       3.2000e+01, 3.2000e+01, 3.4000e+01, 3.3000e+01, 2.7000e+01,
       2.5000e+01, 3.0000e+01, 4.8000e+01, 4.5000e+01, 5.1000e+01,
       3.9000e+01, 4.7000e+01, 4.6000e+01, 4.8000e+01, 5.8000e+01,
       6.5000e+01, 5.8000e+01, 6.3000e+01, 7.6000e+01, 7.2000e+01,
       7.1000e+01, 8.2000e+01, 1.0400e+02, 9.0000e+01, 1.0200e+02,
       1.1500e+02, 1.4800e+02, 1.1100e+02, 1.4900e+02, 1.4900e+02,
       1.6000e+02, 1.8000e+02, 2.4500e+02, 2.3700e+02, 2.8200e+02,
       3.4100e+02, 4.1800e+02, 5.1600e+02, 6.1400e+02, 6.8400e+02,
       8.2600e+02, 1.0270e+03, 1.2570e+03, 1.5860e+03, 2.1350e+03,
       1.6421e+04, 1.9490e+03, 1.3040e+03, 8.8100e+02, 6.9700e+02,
       5.9900e+02, 4.5300e+02, 3.3700e+02, 2.6600e+02, 2.0500e+02,
       1.7500e+02, 1.4500e+02, 1.3300e+02, 1.0100e+02, 9.3000e+01,
       8.9000e+01, 7.9000e+01, 5.9000e+01, 7.1000e+01, 6.4000e+01,
       6.1000e+01, 6.8000e+01, 7.3000e+01, 6.4000e+01, 7.9000e+01,
       9.4000e+01, 9.2000e+01, 9.3000e+01, 1.0500e+02, 1.2300e+02,
       1.2200e+02, 1.4300e+02, 1.7900e+02, 1.6500e+02, 1.5400e+02,
       1.8900e+02, 1.7800e+02, 1.4500e+02, 1.1700e+02, 1.2200e+02,
       1.0500e+02, 7.8000e+01, 7.6000e+01, 7.6000e+01, 7.3000e+01,
       7.1000e+01, 7.1000e+01, 7.6000e+01, 8.3000e+01, 6.7000e+01,
       7.6000e+01, 9.2000e+01, 1.0200e+02, 1.1000e+02, 1.4300e+02,
       1.2700e+02, 1.4700e+02, 1.4700e+02, 1.8400e+02, 2.0100e+02,
       2.1100e+02, 2.7000e+02, 3.8300e+02, 4.8600e+02, 1.0090e+03,
       4.5100e+02, 3.3300e+02, 2.9700e+02, 3.1600e+02, 3.7700e+02,
       1.1780e+03]), array([1.0000e+00, 0.0000e+00, 0.0000e+00, 0.0000e+00, 0.0000e+00,
       0.0000e+00, 0.0000e+00, 2.0000e+00, 0.0000e+00, 0.0000e+00,
       0.0000e+00, 0.0000e+00, 0.0000e+00, 1.0000e+00, 1.0000e+00,
       1.0000e+00, 2.0000e+00, 1.0000e+00, 2.0000e+00, 1.0000e+00,
       1.0000e+00, 1.0000e+00, 1.0000e+00, 4.0000e+00, 1.0000e+00,
       3.0000e+00, 3.0000e+00, 4.0000e+00, 3.0000e+00, 6.0000e+00,
       3.0000e+00, 3.0000e+00, 4.0000e+00, 7.0000e+00, 7.0000e+00,
       6.0000e+00, 8.0000e+00, 1.3000e+01, 1.1000e+01, 1.3000e+01,
       1.9000e+01, 7.0000e+00, 1.6000e+01, 2.1000e+01, 1.5000e+01,
       1.2000e+01, 1.7000e+01, 1.9000e+01, 2.1000e+01, 3.4000e+01,
       3.4000e+01, 4.9000e+01, 5.6000e+01, 7.2000e+01, 5.4000e+01,
       6.8000e+01, 5.7000e+01, 5.9000e+01, 5.4000e+01, 4.7000e+01,
       5.0000e+01, 5.2000e+01, 7.2000e+01, 6.5000e+01, 6.3000e+01,
       4.9000e+01, 5.1000e+01, 5.6000e+01, 5.0000e+01, 5.3000e+01,
       4.3000e+01, 4.4000e+01, 4.9000e+01, 3.2000e+01, 2.9000e+01,
       3.6000e+01, 3.0000e+01, 2.6000e+01, 2.5000e+01, 2.9000e+01,
       2.8000e+01, 4.0000e+01, 2.7000e+01, 2.6000e+01, 1.7000e+01,
       3.5000e+01, 2.9000e+01, 2.6000e+01, 2.5000e+01, 2.8000e+01,
       2.6000e+01, 3.3000e+01, 2.4000e+01, 3.6000e+01, 2.7000e+01,
       3.3000e+01, 1.8000e+01, 3.3000e+01, 4.3000e+01, 3.3000e+01,
       5.5000e+01, 4.0000e+01, 5.2000e+01, 4.7000e+01, 7.6000e+01,
       6.1000e+01, 8.0000e+01, 9.5000e+01, 7.4000e+01, 8.9000e+01,
       9.5000e+01, 7.5000e+01, 7.4000e+01, 9.6000e+01, 7.0000e+01,
       6.7000e+01, 6.7000e+01, 6.0000e+01, 6.2000e+01, 3.1000e+01,
       4.7000e+01, 5.2000e+01, 5.2000e+01, 3.9000e+01, 3.9000e+01,
       4.0000e+01, 3.2000e+01, 3.4000e+01, 3.3000e+01, 4.4000e+01,
       3.3000e+01, 2.6000e+01, 3.2000e+01, 3.0000e+01, 2.9000e+01,
       3.9000e+01, 2.6000e+01, 2.9000e+01, 4.1000e+01, 1.8000e+01,
       2.5000e+01, 4.3000e+01, 2.5000e+01, 3.5000e+01, 2.8000e+01,
       3.2000e+01, 3.5000e+01, 3.0000e+01, 3.2000e+01, 3.2000e+01,
       2.8000e+01, 3.7000e+01, 2.5000e+01, 4.5000e+01, 4.5000e+01,
       5.1000e+01, 4.1000e+01, 5.4000e+01, 5.8000e+01, 6.1000e+01,
       6.5000e+01, 6.4000e+01, 6.8000e+01, 9.2000e+01, 7.5000e+01,
       1.0100e+02, 1.0500e+02, 1.0100e+02, 1.4000e+02, 1.5300e+02,
       1.7800e+02, 2.0200e+02, 2.1900e+02, 2.5500e+02, 3.0900e+02,
       3.4000e+02, 4.0900e+02, 4.7300e+02, 5.9600e+02, 7.1100e+02,
       9.0000e+02, 1.0690e+03, 1.3620e+03, 1.4750e+03, 1.8880e+03,
       1.5309e+04, 2.2080e+03, 1.3900e+03, 9.7800e+02, 7.3500e+02,
       6.0700e+02, 5.1700e+02, 3.9600e+02, 2.7200e+02, 2.3000e+02,
       2.5200e+02, 1.7100e+02, 1.9800e+02, 1.5000e+02, 1.4200e+02,
       1.4700e+02, 1.2200e+02, 1.2000e+02, 1.0800e+02, 1.3500e+02,
       1.2800e+02, 1.3800e+02, 1.3300e+02, 1.0900e+02, 1.2600e+02,
       1.4300e+02, 1.2100e+02, 1.3700e+02, 1.2400e+02, 1.3500e+02,
       1.5400e+02, 1.5100e+02, 1.8800e+02, 2.3400e+02, 2.4700e+02,
       2.6700e+02, 2.0400e+02, 1.8300e+02, 1.8500e+02, 1.2300e+02,
       9.0000e+01, 9.7000e+01, 8.3000e+01, 8.0000e+01, 6.1000e+01,
       6.1000e+01, 6.3000e+01, 6.9000e+01, 8.3000e+01, 6.0000e+01,
       7.1000e+01, 6.5000e+01, 7.7000e+01, 1.0000e+02, 7.8000e+01,
       1.0500e+02, 1.3400e+02, 1.2800e+02, 1.3900e+02, 1.3300e+02,
       1.5500e+02, 1.6000e+02, 1.8800e+02, 2.1600e+02, 2.6700e+02,
       2.8400e+02, 2.9800e+02, 4.0400e+02, 3.6000e+02, 4.3400e+02,
       1.4910e+03]), array([2.000e+00, 0.000e+00, 1.000e+00, 0.000e+00, 2.000e+00, 0.000e+00,
       0.000e+00, 4.000e+00, 2.000e+00, 0.000e+00, 3.000e+00, 1.000e+00,
       1.000e+00, 2.000e+00, 1.000e+00, 4.000e+00, 4.000e+00, 2.000e+00,
       4.000e+00, 3.000e+00, 4.000e+00, 3.000e+00, 1.000e+00, 3.000e+00,
       8.000e+00, 2.000e+00, 8.000e+00, 7.000e+00, 5.000e+00, 7.000e+00,
       5.000e+00, 1.000e+01, 2.000e+00, 7.000e+00, 6.000e+00, 1.200e+01,
       7.000e+00, 1.000e+01, 1.000e+01, 1.400e+01, 1.400e+01, 1.300e+01,
       1.000e+01, 2.700e+01, 1.800e+01, 2.900e+01, 2.300e+01, 2.900e+01,
       3.000e+01, 2.000e+01, 2.100e+01, 2.000e+01, 3.300e+01, 3.700e+01,
       3.200e+01, 4.100e+01, 2.800e+01, 3.900e+01, 4.000e+01, 4.500e+01,
       3.500e+01, 3.800e+01, 3.000e+01, 4.100e+01, 4.200e+01, 3.500e+01,
       4.500e+01, 3.500e+01, 4.500e+01, 3.600e+01, 3.400e+01, 4.900e+01,
       3.900e+01, 4.000e+01, 5.100e+01, 4.900e+01, 4.200e+01, 5.100e+01,
       4.600e+01, 4.200e+01, 5.400e+01, 4.300e+01, 3.700e+01, 3.500e+01,
       3.400e+01, 5.500e+01, 5.700e+01, 4.500e+01, 4.500e+01, 4.000e+01,
       4.100e+01, 4.900e+01, 5.800e+01, 6.200e+01, 4.800e+01, 4.800e+01,
       4.100e+01, 6.300e+01, 5.900e+01, 6.200e+01, 6.500e+01, 6.300e+01,
       6.900e+01, 6.100e+01, 6.500e+01, 6.600e+01, 5.900e+01, 7.900e+01,
       7.300e+01, 7.300e+01, 8.900e+01, 8.000e+01, 7.900e+01, 8.800e+01,
       8.600e+01, 7.200e+01, 7.700e+01, 9.100e+01, 7.500e+01, 6.400e+01,
       6.500e+01, 7.200e+01, 8.400e+01, 8.700e+01, 9.000e+01, 8.100e+01,
       6.200e+01, 9.400e+01, 7.900e+01, 8.800e+01, 8.700e+01, 8.400e+01,
       7.800e+01, 7.900e+01, 8.600e+01, 8.300e+01, 9.900e+01, 1.020e+02,
       9.700e+01, 1.080e+02, 1.000e+02, 1.100e+02, 9.300e+01, 7.800e+01,
       1.020e+02, 8.800e+01, 1.250e+02, 1.060e+02, 1.160e+02, 9.900e+01,
       1.040e+02, 1.030e+02, 1.070e+02, 1.250e+02, 9.100e+01, 1.100e+02,
       1.310e+02, 1.320e+02, 1.330e+02, 1.220e+02, 1.340e+02, 1.570e+02,
       1.340e+02, 1.550e+02, 1.670e+02, 1.850e+02, 2.010e+02, 2.140e+02,
       2.690e+02, 3.160e+02, 3.650e+02, 4.420e+02, 6.340e+02, 4.570e+02,
       4.520e+02, 4.200e+02, 4.180e+02, 4.310e+02, 5.050e+02, 5.470e+02,
       6.450e+02, 7.470e+02, 8.320e+02, 1.081e+03, 1.568e+03, 8.196e+03,
       1.261e+03, 8.390e+02, 7.510e+02, 6.110e+02, 6.360e+02, 6.210e+02,
       6.070e+02, 6.500e+02, 8.090e+02, 9.950e+02, 1.330e+03, 3.951e+03,
       8.920e+02, 5.650e+02, 4.530e+02, 3.050e+02, 2.490e+02, 2.230e+02,
       2.370e+02, 2.110e+02, 2.230e+02, 2.380e+02, 3.040e+02, 3.220e+02,
       3.950e+02, 3.620e+02, 5.350e+02, 3.720e+02, 3.100e+02, 3.050e+02,
       2.700e+02, 1.760e+02, 1.670e+02, 1.390e+02, 1.430e+02, 9.900e+01,
       8.100e+01, 6.300e+01, 6.200e+01, 5.300e+01, 4.200e+01, 3.600e+01,
       3.600e+01, 3.900e+01, 2.700e+01, 3.000e+01, 3.000e+01, 2.100e+01,
       2.100e+01, 1.500e+01, 1.500e+01, 2.600e+01, 2.400e+01, 2.700e+01,
       3.100e+01, 3.600e+01, 4.200e+01, 4.100e+01, 4.200e+01, 4.200e+01,
       5.500e+01, 6.400e+01, 6.600e+01, 6.700e+01, 9.200e+01, 9.300e+01,
       7.400e+01, 8.500e+01, 1.040e+02, 2.990e+02]), array([ 170.,   37.,   28.,   30.,   33.,   22.,   26.,   32.,   34.,
         24.,   31.,   26.,   26.,   27.,   29.,   22.,   26.,   30.,
         21.,   27.,   22.,   25.,   21.,   32.,   26.,   28.,   28.,
         29.,   30.,   32.,   30.,   30.,   26.,   27.,   26.,   31.,
         26.,   29.,   42.,   26.,   36.,   42.,   40.,   53.,   52.,
         44.,   50.,   47.,   44.,   54.,   63.,   58.,   54.,   50.,
         67.,   70.,   59.,   63.,   51.,   60.,   51.,   71.,   79.,
         60.,   60.,   68.,   71.,   65.,   73.,   80.,   75.,   85.,
         53.,   64.,   93.,   87.,   81.,   82.,   87.,   85.,  108.,
        106.,  132.,   95.,  113.,  161.,  145.,  135.,  160.,  190.,
        182.,  196.,  214.,  231.,  258.,  232.,  213.,  243.,  235.,
        230.,  226.,  200.,  224.,  216.,  179.,  157.,  177.,  157.,
        140.,  140.,  153.,  175.,  154.,  170.,  154.,  157.,  140.,
        153.,  163.,  178.,  144.,  169.,  155.,  176.,  182.,  162.,
        178.,  183.,  180.,  182.,  184.,  175.,  210.,  294.,  320.,
        351.,  253.,  218.,  210.,  246.,  213.,  221.,  215.,  280.,
        298.,  355.,  426.,  689.,  604.,  326.,  237.,  194.,  161.,
        152.,  136.,  150.,  112.,  119.,  123.,  125.,  110.,  114.,
        114.,  135.,   99.,  137.,  121.,  158.,  147.,  162.,  176.,
        212.,  197.,  192.,  212.,  213.,  245.,  251.,  273.,  316.,
        364.,  379.,  436.,  471.,  460.,  599.,  463.,  444.,  440.,
        446.,  426.,  419.,  607.,  385.,  381.,  303.,  283.,  238.,
        201.,  232.,  160.,  173.,  162.,  144.,  155.,  141.,  151.,
        141.,  157.,  162.,  127.,  162.,  142.,  177.,  199.,  161.,
        195.,  209.,  190.,  246.,  177.,  197.,  197.,  180.,  208.,
        191.,  180.,  185.,  196.,  200.,  221.,  236.,  236.,  242.,
        285.,  298.,  332.,  382.,  392.,  456.,  475.,  457.,  525.,
        584.,  574.,  558.,  572.,  502.,  490.,  464.,  471.,  503.,
        535.,  541.,  609., 2178.]), array([  44.,   11.,    6.,    8.,    6.,    7.,   15.,   15.,   16.,
         20.,   22.,   22.,   38.,   24.,   38.,   40.,   39.,   53.,
         49.,   54.,   59.,   83.,   75.,   93.,  109.,   98.,  121.,
        128.,  131.,  118.,   90.,   98.,   82.,   99.,   81.,   74.,
         82.,   81.,   88.,   66.,   58.,   67.,   64.,   59.,   44.,
         46.,   47.,   31.,   48.,   45.,   38.,   48.,   35.,   37.,
         50.,   47.,   40.,   52.,   49.,   46.,   40.,   32.,   47.,
         40.,   42.,   40.,   37.,   46.,   40.,   45.,   44.,   47.,
         58.,   55.,   60.,   66.,   68.,   61.,   80.,   75.,   79.,
         84.,   91.,   91.,  120.,  110.,  127.,  115.,  132.,  155.,
        148.,  158.,  159.,  154.,  162.,  163.,  176.,  158.,  161.,
        157.,  159.,  165.,  144.,  168.,  172.,  146.,  152.,  142.,
        142.,  127.,  126.,  147.,  130.,  131.,  113.,  120.,  116.,
        124.,  120.,  125.,  132.,  165.,  147.,  166.,  173.,  175.,
        201.,  223.,  214.,  285.,  267.,  253.,  265.,  276.,  277.,
        255.,  273.,  261.,  258.,  246.,  258.,  232.,  247.,  218.,
        202.,  193.,  177.,  202.,  172.,  154.,  157.,  159.,  142.,
        130.,  122.,  129.,  116.,  110.,  110.,  122.,  125.,  125.,
        118.,  149.,  176.,  125.,  162.,  171.,  155.,  207.,  174.,
        180.,  202.,  225.,  239.,  242.,  234.,  309.,  321.,  367.,
        394.,  426.,  509.,  526.,  592.,  563.,  532.,  451.,  370.,
        340.,  343.,  298.,  271.,  274.,  253.,  281.,  345.,  450.,
        309.,  276.,  271.,  261.,  288.,  276.,  260.,  283.,  296.,
        330.,  340.,  374.,  392.,  468.,  520.,  584.,  666.,  619.,
        609.,  594.,  555.,  567.,  511.,  461.,  387.,  363.,  282.,
        293.,  246.,  216.,  230.,  183.,  180.,  153.,  175.,  159.,
        172.,  163.,  159.,  178.,  212.,  203.,  261.,  239.,  262.,
        283.,  297.,  309.,  302.,  325.,  338.,  325.,  340.,  377.,
        446.,  487.,  669., 1997.]), array([  21.,    4.,    3.,    3.,    4.,    6.,    5.,    6.,    5.,
          7.,    3.,    7.,   10.,    8.,    8.,   11.,    9.,    9.,
         12.,   16.,    8.,   18.,   16.,   20.,   19.,   21.,   22.,
         26.,   27.,   15.,   34.,   25.,   23.,   31.,   28.,   23.,
         29.,   29.,   26.,   29.,   34.,   27.,   33.,   34.,   36.,
         22.,   26.,   28.,   45.,   31.,   45.,   45.,   55.,   35.,
         48.,   45.,   50.,   43.,   62.,   61.,   71.,   75.,   86.,
         92.,   87.,   72.,   97.,   91.,  109.,  113.,  120.,  117.,
        131.,  104.,  129.,  117.,  131.,  145.,  153.,  172.,  141.,
        146.,  167.,  164.,  165.,  207.,  222.,  201.,  190.,  196.,
        224.,  238.,  215.,  244.,  248.,  256.,  242.,  275.,  279.,
        298.,  306.,  305.,  362.,  379.,  388.,  343.,  405.,  468.,
        427.,  334.,  344.,  347.,  280.,  318.,  287.,  277.,  223.,
        227.,  220.,  209.,  214.,  225.,  184.,  224.,  205.,  234.,
        224.,  201.,  224.,  222.,  260.,  234.,  226.,  250.,  261.,
        269.,  283.,  288., 1404.,  314.,  257.,  247.,  262.,  267.,
        209.,  254.,  254.,  267.,  270.,  292.,  298.,  273.,  287.,
        284.,  292.,  291.,  277.,  273.,  278.,  212.,  228.,  247.,
        246.,  283.,  307.,  303.,  308.,  317.,  377.,  408.,  410.,
        404.,  407.,  372.,  407.,  383.,  349.,  376.,  355.,  355.,
        421.,  456.,  514.,  592.,  781.,  695.,  658.,  553.,  457.,
        384.,  332.,  345.,  325.,  305.,  358.,  359.,  407.,  295.,
        260.,  249.,  229.,  207.,  227.,  205.,  157.,  172.,  193.,
        153.,  157.,  165.,  176.,  192.,  191.,  198.,  185.,  135.,
        165.,  180.,  177.,  153.,  158.,  187.,  139.,  125.,  102.,
         86.,   89.,   84.,   86.,   65.,   82.,   67.,   63.,   59.,
         52.,   53.,   63.,   50.,   70.,   78.,   72.,   89.,  110.,
        100.,  132.,  126.,  161.,  156.,  189.,  221.,  309.,  322.,
        320.,  287.,  216.,  762.]), array([1.800e+01, 3.000e+00, 5.000e+00, 0.000e+00, 3.000e+00, 1.000e+00,
       3.000e+00, 7.000e+00, 4.000e+00, 1.000e+00, 3.000e+00, 7.000e+00,
       5.000e+00, 5.000e+00, 0.000e+00, 9.000e+00, 9.000e+00, 8.000e+00,
       5.000e+00, 1.000e+01, 1.300e+01, 1.100e+01, 1.000e+01, 8.000e+00,
       1.100e+01, 1.100e+01, 1.000e+01, 2.400e+01, 2.200e+01, 1.700e+01,
       1.500e+01, 1.500e+01, 1.700e+01, 1.300e+01, 1.700e+01, 2.000e+01,
       1.800e+01, 1.600e+01, 2.200e+01, 2.300e+01, 2.600e+01, 2.600e+01,
       2.200e+01, 2.600e+01, 1.900e+01, 2.500e+01, 2.900e+01, 2.400e+01,
       3.500e+01, 3.100e+01, 2.700e+01, 3.600e+01, 3.500e+01, 4.400e+01,
       3.100e+01, 4.300e+01, 5.000e+01, 4.000e+01, 5.100e+01, 4.400e+01,
       3.400e+01, 6.600e+01, 5.200e+01, 4.200e+01, 3.500e+01, 4.300e+01,
       4.400e+01, 5.300e+01, 5.600e+01, 6.600e+01, 6.200e+01, 8.800e+01,
       6.000e+01, 6.900e+01, 6.700e+01, 6.300e+01, 7.700e+01, 9.400e+01,
       8.500e+01, 7.700e+01, 9.300e+01, 9.300e+01, 8.200e+01, 8.300e+01,
       6.700e+01, 9.100e+01, 9.900e+01, 8.000e+01, 1.130e+02, 8.800e+01,
       9.500e+01, 1.190e+02, 1.400e+02, 1.860e+02, 1.710e+02, 2.210e+02,
       2.030e+02, 2.080e+02, 1.930e+02, 2.250e+02, 2.110e+02, 1.740e+02,
       1.870e+02, 1.870e+02, 1.640e+02, 2.130e+02, 2.880e+02, 3.280e+02,
       5.390e+02, 1.084e+03, 6.430e+02, 4.450e+02, 2.630e+02, 2.340e+02,
       1.940e+02, 1.780e+02, 1.750e+02, 2.130e+02, 2.000e+02, 1.850e+02,
       2.240e+02, 2.360e+02, 2.820e+02, 2.890e+02, 3.750e+02, 3.820e+02,
       4.770e+02, 5.460e+02, 5.930e+02, 9.670e+02, 6.770e+02, 5.990e+02,
       5.940e+02, 5.620e+02, 5.410e+02, 5.700e+02, 5.730e+02, 6.730e+02,
       7.830e+02, 8.540e+02, 9.350e+02, 9.400e+02, 9.120e+02, 8.910e+02,
       8.300e+02, 7.170e+02, 9.970e+02, 2.062e+03, 7.590e+02, 4.840e+02,
       4.040e+02, 3.190e+02, 2.990e+02, 2.400e+02, 1.920e+02, 1.670e+02,
       1.600e+02, 1.130e+02, 1.180e+02, 9.200e+01, 7.100e+01, 8.100e+01,
       7.400e+01, 6.200e+01, 7.500e+01, 5.700e+01, 6.800e+01, 5.500e+01,
       5.700e+01, 5.800e+01, 5.400e+01, 5.200e+01, 5.300e+01, 4.300e+01,
       6.000e+01, 6.200e+01, 7.000e+01, 4.800e+01, 6.500e+01, 7.800e+01,
       6.100e+01, 7.600e+01, 9.100e+01, 1.100e+02, 1.090e+02, 1.490e+02,
       1.750e+02, 2.230e+02, 2.080e+02, 2.550e+02, 3.390e+02, 3.890e+02,
       2.773e+03, 4.890e+02, 3.030e+02, 2.750e+02, 2.170e+02, 2.040e+02,
       2.000e+02, 1.790e+02, 1.730e+02, 1.350e+02, 1.560e+02, 1.500e+02,
       1.520e+02, 1.820e+02, 1.980e+02, 1.860e+02, 2.110e+02, 2.620e+02,
       2.820e+02, 3.230e+02, 3.740e+02, 4.980e+02, 1.708e+03, 6.410e+02,
       4.330e+02, 3.280e+02, 2.510e+02, 1.920e+02, 1.570e+02, 1.470e+02,
       1.240e+02, 1.000e+02, 8.400e+01, 7.200e+01, 6.100e+01, 6.500e+01,
       3.900e+01, 3.600e+01, 4.200e+01, 3.200e+01, 2.500e+01, 1.400e+01,
       1.500e+01, 1.400e+01, 1.400e+01, 1.800e+01, 1.700e+01, 1.700e+01,
       1.100e+01, 1.400e+01, 1.500e+01, 1.700e+01, 1.500e+01, 1.800e+01,
       1.900e+01, 1.700e+01, 3.300e+01, 2.000e+01, 3.200e+01, 3.300e+01,
       4.800e+01, 4.400e+01, 4.700e+01, 1.600e+02]), array([  95.,   28.,   33.,   28.,   32.,   34.,   27.,   26.,   25.,
         19.,   21.,   23.,   30.,   23.,   18.,   25.,   26.,   19.,
         26.,   30.,   26.,   36.,   43.,   32.,   37.,   49.,   43.,
         30.,   36.,   37.,   43.,   47.,   22.,   29.,   35.,   34.,
         31.,   21.,   41.,   31.,   30.,   24.,   37.,   43.,   29.,
         31.,   37.,   35.,   30.,   26.,   33.,   42.,   32.,   36.,
         30.,   42.,   55.,   50.,   48.,   47.,   49.,   64.,   57.,
         57.,   55.,   66.,   61.,   84.,   49.,   77.,   66.,   74.,
         72.,   81.,   62.,   68.,   69.,   83.,   76.,   72.,   80.,
         74.,   85.,   68.,   78.,   70.,   74.,   62.,   92.,   90.,
         75.,   93.,   86.,   83.,   81.,   93.,   86.,   74.,   90.,
         99.,   84.,  105.,  108.,  100.,   99.,   84.,   92.,  108.,
        120.,  123.,  117.,  125.,  117.,  102.,   99.,  118.,  135.,
        114.,  150.,  135.,  154.,  126.,  134.,  166.,  169.,  181.,
        216.,  237.,  289.,  381.,  242.,  286.,  290.,  264.,  284.,
        330.,  350.,  398.,  373.,  447.,  528.,  366.,  405.,  386.,
        319.,  291.,  280.,  274.,  308.,  304.,  280.,  239.,  209.,
        160.,  126.,  112.,  101.,  119.,  122.,   87.,  102.,   88.,
         86.,   77.,   77.,   70.,   84.,   64.,   84.,   73.,   76.,
         86.,   82.,   74.,   76.,   96.,   82.,   81.,   93.,  101.,
         96.,   91.,   95.,  137.,  116.,  117.,  137.,  145.,  165.,
        183.,  194.,  235.,  257.,  303.,  308.,  337.,  333.,  330.,
        305.,  312.,  324.,  318.,  320.,  357.,  404.,  457.,  523.,
        558.,  655.,  780.,  931., 1146., 1430., 1958., 6311., 2641.,
       1687., 1076.,  775.,  618.,  477.,  378.,  318.,  274.,  218.,
        180.,  151.,  126.,  123.,   95.,   89.,   79.,   70.,   68.,
         54.,   58.,   52.,   36.,   62.,   67.,   72.,   61.,   48.,
         33.,   36.,   29.,   31.,   23.,   24.,   23.,   26.,   12.,
         20.,   21.,   15.,   98.]), array([ 109.,   12.,   28.,   32.,   21.,   24.,   25.,   18.,   15.,
         11.,   17.,   14.,   12.,   13.,   18.,   10.,   17.,   14.,
         17.,   12.,   12.,   10.,   16.,    9.,   20.,   16.,   13.,
          8.,    6.,    9.,   12.,   17.,   19.,   17.,   10.,   11.,
         18.,   18.,   24.,   16.,   21.,   29.,   26.,   19.,   15.,
         21.,   19.,   19.,   25.,   27.,   32.,   27.,   36.,   32.,
         31.,   32.,   46.,   53.,   44.,   48.,   51.,   51.,   57.,
         64.,   57.,   53.,   58.,   71.,   71.,   90.,   80.,   87.,
         96.,   93.,   84.,  111.,  149.,  144.,  235.,  283.,  490.,
        192.,  157.,  121.,  111.,  120.,  104.,  106.,  104.,   97.,
         99.,   75.,   85.,   73.,   87.,  114.,  101.,  119.,  108.,
         97.,  113.,  125.,  124.,  109.,  129.,  134.,  120.,  142.,
        156.,  130.,  126.,  131.,  139.,  132.,  166.,  149.,  154.,
        157.,  155.,  155.,  170.,  189.,  179.,  240.,  211.,  230.,
        396.,  395.,  559.,  359.,  299.,  261.,  253.,  285.,  261.,
        282.,  302.,  318., 2249.,  267.,  271.,  214.,  213.,  183.,
        174.,  186.,  167.,  236.,  337.,  316.,  447.,  378.,  296.,
        262.,  195.,  201.,  164.,  155.,  106.,  108.,  130.,  118.,
         96.,  101.,  123.,  116.,   95.,   90.,   82.,   98.,  108.,
        109.,  132.,  114.,   72.,   94.,   95.,   96.,  101.,  108.,
         95.,  112.,   98.,  109.,  110.,  109.,  112.,  146.,  141.,
        148.,  150.,  151.,  172.,  155.,  175.,  204.,  246.,  274.,
        256.,  278.,  334.,  338.,  346.,  379.,  439.,  489.,  577.,
        735.,  766.,  851., 1021., 1125., 1416., 1738., 3850., 1954.,
       1372.,  948.,  719.,  591.,  497.,  422.,  343.,  310.,  231.,
        205.,  152.,  144.,  154.,  119.,   98.,  103.,  107.,   97.,
        119.,   72.,   62.,   66.,   47.,   39.,   34.,   33.,   34.,
         39.,   33.,   23.,   28.,   27.,   25.,   24.,   33.,   30.,
         32.,   30.,   34.,  155.])]