[array([1.0000e+02, 1.4000e+01, 9.0000e+00, 7.0000e+00, 8.0000e+00,
       1.3000e+01, 1.4000e+01, 1.4000e+01, 5.0000e+00, 1.3000e+01,
       1.5000e+01, 1.3000e+01, 1.3000e+01, 1.9000e+01, 1.0000e+01,
       1.0000e+01, 9.0000e+00, 1.4000e+01, 1.2000e+01, 1.3000e+01,
       7.0000e+00, 1.5000e+01, 1.3000e+01, 1.1000e+01, 1.9000e+01,
       7.0000e+00, 9.0000e+00, 1.2000e+01, 1.4000e+01, 6.0000e+00,
       1.2000e+01, 1.6000e+01, 1.2000e+01, 1.5000e+01, 1.2000e+01,
       8.0000e+00, 1.5000e+01, 2.1000e+01, 1.3000e+01, 2.5000e+01,
       1.4000e+01, 2.2000e+01, 2.1000e+01, 1.8000e+01, 2.4000e+01,
       2.8000e+01, 2.9000e+01, 2.8000e+01, 1.8000e+01, 2.9000e+01,
       2.4000e+01, 3.1000e+01, 4.7000e+01, 4.7000e+01, 4.5000e+01,
       5.1000e+01, 4.9000e+01, 7.4000e+01, 6.0000e+01, 6.8000e+01,
       9.2000e+01, 9.1000e+01, 1.0300e+02, 1.2300e+02, 1.6600e+02,
       1.6800e+02, 1.8000e+02, 2.2700e+02, 2.9800e+02, 2.7700e+02,
       3.8000e+02, 4.3200e+02, 4.9700e+02, 3.9100e+02, 6.4200e+02,
       7.7200e+02, 5.3100e+02, 1.0310e+03, 1.4990e+03, 1.5681e+04,
       9.2400e+02, 1.3640e+03, 1.1750e+03, 5.8200e+02, 8.7500e+02,
       8.1900e+02, 6.1500e+02, 4.5800e+02, 5.0800e+02, 4.4300e+02,
       3.7700e+02, 4.0500e+02, 3.5000e+02, 2.9200e+02, 2.9100e+02,
       2.6500e+02, 2.3200e+02, 2.1500e+02, 2.1000e+02, 1.8000e+02,
       1.4300e+02, 1.5300e+02, 1.5500e+02, 1.3400e+02, 1.3200e+02,
       1.2300e+02, 1.0300e+02, 9.7000e+01, 9.6000e+01, 7.7000e+01,
       7.5000e+01, 7.2000e+01, 6.6000e+01, 6.4000e+01, 6.3000e+01,
       4.9000e+01, 5.0000e+01, 6.4000e+01, 5.4000e+01, 5.0000e+01,
       5.3000e+01, 5.3000e+01, 3.3000e+01, 3.7000e+01, 4.4000e+01,
       4.1000e+01, 3.8000e+01, 4.6000e+01, 3.8000e+01, 3.2000e+01,
       2.8000e+01, 3.9000e+01, 3.9000e+01, 3.9000e+01, 3.5000e+01,
       2.8000e+01, 3.5000e+01, 3.2000e+01, 3.0000e+01, 3.1000e+01,
       3.6000e+01, 2.5000e+01, 3.8000e+01, 2.8000e+01, 2.0000e+01,
       2.6000e+01, 2.8000e+01, 2.6000e+01, 2.2000e+01, 2.3000e+01,
       1.9000e+01, 1.9000e+01, 2.2000e+01, 2.2000e+01, 2.6000e+01,
       2.5000e+01, 2.2000e+01, 2.4000e+01, 2.3000e+01, 1.6000e+01,
       2.5000e+01, 2.2000e+01, 2.6000e+01, 2.4000e+01, 2.4000e+01,
       2.3000e+01, 1.4000e+01, 2.5000e+01, 2.5000e+01, 1.8000e+01,
       2.3000e+01, 2.8000e+01, 1.7000e+01, 2.8000e+01, 1.8000e+01,
       2.3000e+01, 2.8000e+01, 2.8000e+01, 1.9000e+01, 2.4000e+01,
       1.9000e+01, 2.8000e+01, 2.1000e+01, 2.7000e+01, 2.8000e+01,
       2.8000e+01, 3.4000e+01, 2.7000e+01, 4.1000e+01, 3.5000e+01,
       3.5000e+01, 3.3000e+01, 3.7000e+01, 3.9000e+01, 4.6000e+01,
       4.9000e+01, 4.8000e+01, 4.9000e+01, 5.3000e+01, 5.6000e+01,
       6.0000e+01, 8.0000e+01, 5.6000e+01, 7.7000e+01, 6.5000e+01,
       9.0000e+01, 7.8000e+01, 1.2400e+02, 1.3000e+02, 1.3400e+02,
       1.5500e+02, 1.6300e+02, 1.8100e+02, 1.2500e+02, 1.3200e+02,
       1.3900e+02, 1.2800e+02, 1.1900e+02, 1.0800e+02, 1.3100e+02,
       9.2000e+01, 9.4000e+01, 9.3000e+01, 8.7000e+01, 1.0900e+02,
       9.9000e+01, 9.7000e+01, 8.5000e+01, 9.7000e+01, 9.3000e+01,
       8.7000e+01, 9.1000e+01, 1.0700e+02, 1.1900e+02, 1.2700e+02,
       1.1000e+02, 1.3500e+02, 1.4000e+02, 1.5900e+02, 1.4200e+02,
       1.5600e+02, 1.9400e+02, 1.9700e+02, 2.0400e+02, 2.3100e+02,
       3.2100e+02, 2.6900e+02, 9.7500e+02, 3.8100e+02, 2.1600e+02,
       2.3800e+02, 2.7900e+02, 2.5700e+02, 2.2500e+02, 3.0400e+02,
       1.1680e+03]), array([2.2900e+02, 2.1000e+01, 2.0000e+01, 1.7000e+01, 2.0000e+01,
       1.9000e+01, 2.3000e+01, 1.4000e+01, 1.8000e+01, 1.7000e+01,
       2.2000e+01, 1.7000e+01, 1.8000e+01, 1.6000e+01, 2.0000e+01,
       1.1000e+01, 2.1000e+01, 2.3000e+01, 1.1000e+01, 1.2000e+01,
       1.5000e+01, 1.8000e+01, 1.5000e+01, 1.6000e+01, 1.4000e+01,
       6.0000e+00, 1.1000e+01, 8.0000e+00, 1.8000e+01, 1.5000e+01,
       1.7000e+01, 2.0000e+01, 1.7000e+01, 1.2000e+01, 1.9000e+01,
       1.4000e+01, 1.2000e+01, 1.9000e+01, 1.7000e+01, 2.1000e+01,
       1.6000e+01, 1.8000e+01, 1.5000e+01, 2.2000e+01, 1.1000e+01,
       2.2000e+01, 2.0000e+01, 2.3000e+01, 2.3000e+01, 2.3000e+01,
       2.9000e+01, 2.0000e+01, 2.3000e+01, 2.9000e+01, 3.9000e+01,
       4.7000e+01, 4.9000e+01, 6.5000e+01, 4.4000e+01, 7.8000e+01,
       1.0800e+02, 8.4000e+01, 1.0100e+02, 1.2900e+02, 1.6800e+02,
       1.7400e+02, 1.7600e+02, 2.3300e+02, 2.6100e+02, 2.4300e+02,
       3.6700e+02, 4.9700e+02, 5.1700e+02, 4.0900e+02, 6.8900e+02,
       7.2900e+02, 5.2000e+02, 1.0060e+03, 1.6800e+03, 1.4736e+04,
       9.3000e+02, 1.2220e+03, 1.1080e+03, 5.7700e+02, 9.3500e+02,
       8.9600e+02, 7.0400e+02, 4.5900e+02, 6.3100e+02, 4.8800e+02,
       3.7900e+02, 4.9700e+02, 3.6900e+02, 3.1700e+02, 3.1600e+02,
       3.3900e+02, 2.7500e+02, 2.6500e+02, 2.4700e+02, 2.2100e+02,
       1.9300e+02, 2.0100e+02, 1.9800e+02, 1.7600e+02, 1.8100e+02,
       1.6800e+02, 1.2900e+02, 1.2500e+02, 1.1700e+02, 1.1600e+02,
       1.2600e+02, 1.1400e+02, 9.2000e+01, 9.0000e+01, 1.0500e+02,
       7.4000e+01, 7.9000e+01, 5.3000e+01, 6.4000e+01, 4.9000e+01,
       5.7000e+01, 5.2000e+01, 5.0000e+01, 5.0000e+01, 5.0000e+01,
       5.2000e+01, 5.6000e+01, 4.5000e+01, 6.1000e+01, 4.0000e+01,
       4.6000e+01, 3.9000e+01, 4.1000e+01, 3.7000e+01, 3.3000e+01,
       3.1000e+01, 3.4000e+01, 3.1000e+01, 2.9000e+01, 3.0000e+01,
       3.1000e+01, 2.9000e+01, 3.8000e+01, 2.5000e+01, 1.9000e+01,
       2.7000e+01, 2.0000e+01, 3.3000e+01, 2.0000e+01, 2.8000e+01,
       3.4000e+01, 2.2000e+01, 2.7000e+01, 3.3000e+01, 3.3000e+01,
       2.2000e+01, 2.0000e+01, 3.3000e+01, 2.9000e+01, 3.2000e+01,
       3.1000e+01, 2.1000e+01, 1.6000e+01, 2.3000e+01, 2.9000e+01,
       2.3000e+01, 2.4000e+01, 2.3000e+01, 3.2000e+01, 2.8000e+01,
       2.6000e+01, 2.7000e+01, 2.4000e+01, 2.2000e+01, 2.6000e+01,
       2.4000e+01, 2.1000e+01, 2.2000e+01, 2.4000e+01, 1.7000e+01,
       2.4000e+01, 3.1000e+01, 2.9000e+01, 2.4000e+01, 3.6000e+01,
       2.6000e+01, 2.5000e+01, 3.4000e+01, 4.0000e+01, 2.8000e+01,
       3.0000e+01, 2.7000e+01, 3.5000e+01, 3.4000e+01, 4.2000e+01,
       3.7000e+01, 6.0000e+01, 4.4000e+01, 6.0000e+01, 6.6000e+01,
       6.3000e+01, 6.9000e+01, 9.7000e+01, 8.4000e+01, 8.4000e+01,
       1.0500e+02, 1.1600e+02, 1.2100e+02, 1.7700e+02, 1.9800e+02,
       2.0700e+02, 2.0100e+02, 1.9600e+02, 2.0700e+02, 1.7300e+02,
       1.8500e+02, 1.3300e+02, 1.3900e+02, 1.0200e+02, 9.9000e+01,
       8.5000e+01, 1.0100e+02, 8.8000e+01, 7.7000e+01, 8.7000e+01,
       8.0000e+01, 8.6000e+01, 8.4000e+01, 8.5000e+01, 7.2000e+01,
       7.3000e+01, 9.2000e+01, 1.1100e+02, 9.0000e+01, 8.6000e+01,
       1.1600e+02, 1.1600e+02, 1.3300e+02, 1.1200e+02, 1.1300e+02,
       1.2200e+02, 1.3700e+02, 1.6900e+02, 1.5600e+02, 1.8600e+02,
       1.8700e+02, 1.9000e+02, 2.1700e+02, 2.4400e+02, 2.4200e+02,
       2.3200e+02, 3.1800e+02, 2.9600e+02, 2.6000e+02, 3.5600e+02,
       1.4500e+03]), array([7347., 1397.,  924.,  779.,  699.,  582.,  486.,  400.,  340.,
        305.,  259.,  291.,  253.,  229.,  208.,  186.,  155.,  153.,
        131.,  131.,   94.,  117.,   97.,   84.,   79.,   73.,   66.,
         59.,   66.,   59.,   60.,   56.,   62.,   45.,   40.,   45.,
         43.,   48.,   50.,   50.,   44.,   38.,   36.,   43.,   53.,
         55.,   62.,   56.,   48.,   44.,   43.,   49.,   50.,   50.,
         64.,   64.,   68.,   65.,   65.,   84.,  104.,  104.,  108.,
        131.,  140.,  149.,  172.,  218.,  217.,  216.,  265.,  314.,
        300.,  328.,  411.,  415.,  416.,  622.,  842., 7500.,  854.,
       1099.,  820.,  398.,  502.,  462.,  371.,  318.,  340.,  344.,
        229.,  245.,  259.,  242.,  216.,  191.,  171.,  165.,  170.,
        174.,  133.,  163.,  156.,  142.,  123.,  147.,  142.,  147.,
        133.,  139.,  155.,  157.,  189.,  170.,  187.,  221.,  194.,
        247.,  254.,  268.,  199.,  468.,  250.,  201.,  272.,  212.,
        204.,  165.,  177.,  124.,  117.,  112.,  110.,  111.,   76.,
         71.,   78.,   71.,   70.,   56.,   67.,   51.,   51.,   45.,
         42.,   53.,   42.,   44.,   43.,   38.,   40.,   23.,   38.,
         37.,   42.,   37.,   26.,   34.,   32.,   40.,   33.,   32.,
         35.,   32.,   37.,   31.,   39.,   37.,   31.,   35.,   38.,
         36.,   40.,   34.,   33.,   27.,   35.,   22.,   39.,   39.,
         30.,   34.,   33.,   30.,   26.,   36.,   27.,   39.,   31.,
         24.,   31.,   23.,   31.,   38.,   36.,   23.,   36.,   37.,
         35.,   43.,   41.,   28.,   34.,   33.,   33.,   34.,   27.,
         43.,   39.,   38.,   41.,   44.,   35.,   37.,   46.,   41.,
         44.,   35.,   31.,   44.,   37.,   45.,   34.,   39.,   36.,
         50.,   27.,   42.,   39.,   44.,   54.,   43.,   45.,   37.,
         44.,   47.,   49.,   46.,   58.,   43.,   59.,   53.,   70.,
         59.,   72.,   53.,   57.,   64.,   70.,   82.,   78.,   65.,
         71.,   61.,   64.,  460.]), array([ 228.,   48.,   48.,   48.,   53.,   44.,   48.,   50.,   59.,
         64.,   50.,   72.,   62.,   62.,   60.,   93.,   60.,   61.,
         61.,   63.,   51.,   65.,   58.,   47.,   73.,   63.,   49.,
         53.,   54.,   62.,   46.,   58.,   44.,   59.,   71.,   59.,
         61.,   62.,   61.,   76.,   82.,   70.,   69.,  101.,  108.,
         89.,   89.,   97.,  111.,   97.,  139.,  122.,  141.,  136.,
        159.,  146.,  158.,  154.,  170.,  185.,  172.,  176.,  185.,
        191.,  187.,  171.,  156.,  140.,  160.,  170.,  181.,  193.,
        196.,  214.,  159.,  214.,  208.,  266.,  284.,  311.,  276.,
        312.,  286.,  288.,  342.,  302.,  282.,  274.,  278.,  292.,
        230.,  204.,  274.,  217.,  204.,  205.,  193.,  174.,  214.,
        201.,  184.,  178.,  190.,  180.,  192.,  231.,  266.,  293.,
        208.,  221.,  198.,  173.,  176.,  141.,  178.,  157.,  160.,
        154.,  160.,  147.,  154.,  126.,  150.,  173.,  181.,  140.,
        141.,  137.,  159.,  140.,  137.,  148.,  131.,  146.,  134.,
        124.,  135.,  139.,  154.,  117.,  132.,  147.,  141.,  118.,
        116.,  125.,  141.,  160.,  140.,  136.,  150.,  126.,  299.,
        146.,  135.,  111.,  109.,   99.,   97.,  125.,   88.,   97.,
        101.,   89.,  101.,   86.,  102.,   94.,   91.,   93.,   86.,
        101.,   94.,   94.,   99.,  119.,  105.,  130.,  106.,  102.,
        103.,  112.,  127.,  118.,  131.,  135.,  143.,  151.,  170.,
        185.,  171.,  178.,  241.,  239.,  253.,  329.,  391.,  618.,
        361.,  412.,  365.,  276.,  288.,  280.,  304.,  310.,  331.,
        309.,  348.,  314.,  361.,  342.,  373.,  379.,  341.,  387.,
        429.,  409.,  341.,  416.,  425.,  354.,  351.,  347.,  309.,
        273.,  271.,  282.,  245.,  218.,  216.,  214.,  189.,  233.,
        202.,  217.,  234.,  241.,  250.,  249.,  256.,  270.,  293.,
        304.,  342.,  367.,  346.,  392.,  483.,  409.,  418.,  624.,
        508.,  410.,  545., 1985.]), array([1351.,  214.,  154.,  218.,  168.,  191.,  160.,  168.,  144.,
        164.,  181.,  170.,  121.,  135.,  115.,  145.,  151.,  120.,
        132.,  151.,  159.,  162.,  169.,  167.,  174.,  171.,  186.,
        152.,  155.,  150.,  137.,  132.,  147.,  120.,  120.,  134.,
        125.,  129.,  121.,  109.,  146.,  144.,  136.,  161.,  134.,
        132.,  141.,  157.,  156.,  172.,  181.,  170.,  160.,  200.,
        163.,  216.,  215.,  226.,  206.,  229.,  249.,  242.,  264.,
        219.,  205.,  216.,  208.,  213.,  206.,  228.,  211.,  207.,
        238.,  246.,  250.,  259.,  258.,  291.,  352.,  389.,  322.,
        318.,  325.,  276.,  303.,  310.,  337.,  298.,  265.,  255.,
        272.,  229.,  250.,  253.,  236.,  237.,  216.,  208.,  233.,
        208.,  191.,  192.,  192.,  181.,  213.,  216.,  207.,  245.,
        217.,  235.,  240.,  258.,  273.,  292.,  312.,  323.,  347.,
        387.,  367.,  379.,  452.,  417.,  383.,  338.,  290.,  287.,
        299.,  274.,  246.,  257.,  244.,  218.,  238.,  240.,  202.,
        226.,  253.,  227.,  214.,  213.,  241.,  215.,  191.,  184.,
        175.,  171.,  174.,  179.,  160.,  147.,  139.,  109.,  105.,
        112.,  113.,   90.,   98.,  102.,  102.,  113.,  118.,  103.,
        102.,  100.,  117.,  132.,  108.,  125.,  113.,  124.,  154.,
        146.,  163.,  125.,  126.,  122.,  107.,  111.,  106.,  100.,
         84.,   79.,   82.,   84.,   80.,   76.,   79.,   71.,   68.,
         83.,   54.,   65.,   69.,   71.,   79.,   99.,   75.,   79.,
        101.,   93.,   99.,   96.,  111.,   97.,  103.,  122.,  124.,
        140.,  141.,  158.,  170.,  143.,  141.,  171.,  167.,  171.,
        189.,  186.,  173.,  154.,  172.,  153.,  149.,  164.,  151.,
        123.,  125.,  128.,  115.,  130.,  132.,  114.,  119.,  128.,
        149.,  154.,  135.,  155.,  157.,  166.,  132.,  178.,  208.,
        190.,  207.,  235.,  245.,  255.,  313.,  312.,  325.,  411.,
        332.,  360.,  431., 1729.]), array([4494.,  641.,  480.,  450.,  471.,  434.,  487.,  445.,  413.,
        397.,  371.,  346.,  325.,  289.,  303.,  251.,  247.,  254.,
        259.,  218.,  203.,  218.,  186.,  171.,  159.,  176.,  179.,
        171.,  147.,  156.,  148.,  144.,  132.,  136.,  126.,  112.,
        122.,  116.,  117.,  120.,  110.,  116.,  101.,  117.,  119.,
        100.,  126.,  125.,  106.,  112.,  116.,  108.,   96.,  104.,
        115.,  118.,  110.,  110.,  135.,  116.,  124.,  122.,  160.,
        163.,  141.,  164.,  142.,  180.,  165.,  189.,  188.,  203.,
        256.,  204.,  322.,  307.,  236.,  414.,  488.,  487.,  370.,
        618.,  426.,  302.,  361.,  322.,  279.,  258.,  273.,  244.,
        207.,  252.,  259.,  212.,  245.,  208.,  217.,  224.,  238.,
        189.,  191.,  215.,  192.,  223.,  244.,  259.,  215.,  259.,
        248.,  243.,  243.,  375.,  267.,  226.,  227.,  239.,  213.,
        210.,  237.,  199.,  200.,  211.,  198.,  206.,  191.,  185.,
        190.,  177.,  136.,  125.,  151.,  146.,  143.,  126.,  154.,
        133.,  138.,  118.,  106.,  120.,  107.,  119.,   96.,  114.,
        101.,   87.,   99.,   95.,   90.,   98.,   91.,   75.,   78.,
         71.,   77.,   71.,   77.,   98.,   76.,   62.,   93.,   98.,
         80.,   89.,   73.,   91.,   89.,  106.,  115.,  141.,  113.,
        105.,  126.,  135.,  121.,  128.,  149.,  140.,  148.,  143.,
        130.,  124.,  143.,  140.,  107.,   90.,   93.,  105.,   99.,
         81.,   71.,   68.,   79.,   79.,   82.,   69.,   52.,   64.,
         46.,   66.,   70.,   51.,   48.,   61.,   65.,   47.,   33.,
         55.,   52.,   51.,   56.,   54.,   60.,   66.,   53.,   52.,
         52.,   34.,   50.,   60.,   59.,   62.,   64.,   71.,   61.,
         75.,   83.,   80.,   91.,   89.,   92.,   95.,  106.,  116.,
        125.,  148.,  133.,  165.,  149.,  190.,  191.,  223.,  231.,
        281.,  264.,  260.,  273.,  338.,  347.,  375.,  411.,  398.,
        300.,  290.,  286., 1678.]), array([  49.,    5.,   11.,    6.,    9.,   11.,   12.,   13.,    6.,
         17.,   12.,   23.,   21.,   21.,   25.,   17.,    9.,   11.,
         19.,   22.,   24.,   14.,   21.,   24.,   21.,   29.,   22.,
         29.,   25.,   23.,   24.,   32.,   29.,   26.,   37.,   41.,
         45.,   38.,   41.,   31.,   36.,   42.,   32.,   53.,   50.,
         62.,   75.,   98.,   87.,   82.,  127.,  124.,  122.,  150.,
        197.,  219.,  213.,  247.,  274.,  333.,  363.,  392.,  723.,
        363.,  301.,  277.,  249.,  251.,  212.,  159.,  156.,  140.,
        122.,  122.,  116.,   81.,  125.,  108.,   98.,   97.,   71.,
         90.,   92.,  104.,   82.,   93.,   79.,   85.,   78.,   84.,
         93.,   83.,   75.,   93.,   67.,   88.,   94.,   80.,   98.,
         82.,   81.,   92.,  114.,  111.,  138.,  120.,  148.,  163.,
        147.,  158.,  158.,  180.,  212.,  195.,  315.,  269.,  364.,
        382.,  316.,  969.,  644.,  939.,  347.,  321.,  351.,  321.,
        262.,  323.,  328.,  285.,  259.,  185.,  186.,  156.,  170.,
        134.,  144.,  122.,  104.,  134.,  133.,  113.,  121.,  125.,
        115.,  116.,   91.,   97.,  114.,  114.,  126.,  119.,  148.,
        154.,  148.,  146.,  195.,  178.,  181.,  233.,  227.,  284.,
        290.,  328.,  339.,  379.,  366.,  448.,  459.,  522.,  578.,
        533.,  504.,  596.,  510.,  442.,  400.,  363.,  295.,  263.,
        243.,  266.,  219.,  214.,  212.,  203.,  193.,  190.,  225.,
        258.,  238.,  244.,  289.,  312.,  284.,  416.,  601., 1827.,
        495.,  563., 1249.,  320.,  346.,  309.,  233.,  258.,  174.,
        170.,  128.,  131.,  116.,  100.,   85.,  103.,   65.,   61.,
         54.,   63.,   53.,   51.,   61.,   47.,   46.,   41.,   51.,
         42.,   34.,   45.,   51.,   58.,   48.,   63.,   62.,   73.,
         73.,   77.,   87.,   81.,  105.,  120.,  113.,  109.,  108.,
        167.,  153.,  176.,  128.,  203.,  237.,  156.,  277., 2806.,
        304.,  140.,  216.,  995.]), array([1157.,  168.,  137.,  141.,  147.,  107.,  131.,  106.,  109.,
        113.,  101.,   91.,   88.,   97.,   88.,   78.,   72.,   87.,
         82.,  101.,   75.,   76.,   76.,   65.,   74.,   77.,   68.,
         60.,   69.,   58.,   51.,   65.,   61.,   54.,   67.,   48.,
         48.,   64.,   59.,   56.,   60.,   56.,   70.,   73.,   63.,
         76.,   66.,   65.,   83.,   96.,  108.,   96.,  117.,   84.,
         83.,  100.,  132.,  122.,  131.,  130.,  155.,  185.,  266.,
        145.,  135.,  149.,  118.,  113.,  101.,  104.,   79.,   90.,
         87.,   87.,   92.,   90.,   87.,   92.,   95.,   78.,   78.,
        103.,   80.,   75.,   98.,  104.,   91.,   90.,  101.,  106.,
        116.,  116.,   99.,  128.,  138.,  152.,  158.,  169.,  180.,
        196.,  191.,  265.,  236.,  364.,  303.,  304.,  340.,  371.,
        395.,  355.,  447.,  451.,  460.,  541.,  662.,  712.,  830.,
       1061., 1377., 1255., 2306., 6488., 1892.,  973., 1006.,  869.,
        628.,  616.,  582.,  456.,  384.,  398.,  356.,  297.,  259.,
        237.,  241.,  197.,  187.,  152.,  130.,  142.,  143.,  108.,
        123.,  117.,  113.,   89.,  106.,  106.,   85.,   95.,  117.,
         92.,  107.,  105.,  122.,  101.,  105.,  123.,  126.,  123.,
        162.,  164.,  163.,  172.,  187.,  202.,  204.,  227.,  237.,
        226.,  232.,  249.,  377.,  221.,  212.,  205.,  169.,  146.,
        136.,  122.,  107.,   99.,   77.,   82.,   53.,   55.,   64.,
         61.,   54.,   44.,   36.,   36.,   36.,   36.,   40.,   37.,
         31.,   30.,   26.,   24.,   19.,   29.,   26.,   22.,   26.,
         23.,   28.,   31.,   16.,   28.,   28.,   32.,   23.,   39.,
         29.,   46.,   36.,   37.,   42.,   44.,   45.,   61.,   63.,
         63.,   48.,   55.,   40.,   51.,   63.,   58.,   61.,   42.,
         43.,   40.,   50.,   37.,   38.,   40.,   32.,   53.,   38.,
         35.,   43.,   35.,   38.,   41.,   40.,   36.,   24.,   34.,
         32.,   29.,   31.,  220.]), array([2641.,  323.,   90.,  148.,  127.,  110.,   93.,  105.,  103.,
         83.,  100.,   69.,   74.,   62.,   76.,   59.,   58.,   65.,
         47.,   63.,   65.,   56.,   57.,   48.,   53.,   69.,   57.,
         66.,   65.,   72.,   72.,   73.,   80.,   75.,   85.,   89.,
         99.,   92.,  116.,  115.,  117.,  120.,  155.,  200.,  263.,
        505.,  187.,  206.,  144.,  149.,  164.,  155.,  143.,  119.,
        172.,  147.,  158.,  165.,  179.,  316.,  329.,  461.,  234.,
        216.,  210.,  181.,  151.,  160.,  154.,  148.,  146.,  177.,
        140.,  150.,  143.,  124.,  136.,  130.,  144.,  137.,  110.,
        142.,   95.,  116.,  127.,  101.,  104.,  139.,   95.,  104.,
        106.,  154.,  116.,  136.,  152.,  177.,  156.,  167.,  218.,
        249.,  321.,  373.,  338.,  435.,  437.,  393.,  465.,  375.,
        354.,  383.,  435.,  503.,  512.,  638.,  695.,  747.,  827.,
       1046., 1234., 1300., 1764., 3858., 1416.,  967.,  962.,  817.,
        634.,  632.,  574.,  448.,  373.,  357.,  265.,  288.,  236.,
        211.,  161.,  188.,  153.,  131.,  118.,  107.,   97.,   91.,
         97.,   90.,   67.,   66.,   68.,   77.,   54.,   58.,   57.,
         57.,   58.,   79.,   50.,   58.,   51.,   57.,   52.,   55.,
         67.,   64.,   59.,   73.,   61.,   65.,   54.,   54.,   42.,
         62.,   55.,   46.,   59.,   64.,   39.,   71.,   52.,   65.,
         62.,   50.,   87.,   66.,   70.,   93.,   65.,   77.,   93.,
        101.,   64.,   92.,   68.,   67.,   61.,   66.,   61.,   61.,
         42.,   70.,   60.,   45.,   61.,   55.,   70.,   47.,   51.,
         56.,   61.,   40.,   43.,   46.,   57.,   49.,   45.,   44.,
         33.,   29.,   30.,   43.,   38.,   33.,   42.,   39.,   37.,
         32.,   39.,   35.,   30.,   44.,   54.,   51.,   55.,   54.,
         63.,   82.,   65.,   69.,   70.,   88.,  104.,   89.,   81.,
        104.,   95.,  100.,   91.,   96.,   84.,   93.,   85.,  104.,
         80.,   66.,   81.,  420.])]